Head: None
Tail: None
Edge_length: 0.00474045
x: 0.0005399
Head: 18
Tail: None
Edge_length: 0.07633752
x: 0.06800369
Head: 0
Tail: None
Edge_length: 0.15688516
x: 0.064408395
