d2currRoot: 0.0156050713393
br2currRoot: 3
d2currRoot: 0.0156050713393
br2currRoot: 3
